  2.8000001E-02 
  2.8000001E-02   
  1.0000000E-03   
  1.5000000E-03   
  1.2000000E-02   
  2.0E-03         
  6.0000001E-03   
  1.2000000E-02   
  5.0000002E-04  
  0.5000000       
  0.000000        
  3.200000       
  232.0          
  0.5                
  1               
  0.5            
  0    
  1           
  1.0000000E-03  
  140.00000        
  0.7340000       
  4220.000       
  50             
  3               
  0               
  5              
  0.0000000E+00  
  1.4000000E-02
  2.8000001E-02
